0.439022
0.943724
0.776915
0.509360
0.813120
0.178743
0.405532
0.199354
0.019103
0.221143
0.467050
0.815076
0.566128
0.062012
0.643473
0.899373
0.332491
0.413143
0.595325
0.762669
0.409378
0.925781
0.055395
0.951717
0.444616
0.909373
0.422484
0.218349
0.486422
0.550322
0.855164
0.988223
0.327156
0.630731
0.865519
0.329577
0.347067
0.747159
0.412899
0.421976
0.858043
0.029366
0.497670
0.525064
0.947366
0.359066
0.254965
0.447312
0.821455
0.088676
0.548431
0.514771
0.649624
0.260066
0.063982
0.039818
0.907823
0.323310
0.903544
0.289909
0.222396
0.355433
0.678814
0.956329
0.713825
0.779165
0.105001
0.122939
0.840486
0.581689
0.094581
0.734930
0.742393
0.033391
0.351045
0.567571
0.084950
0.906609
0.462649
0.694959
0.402704
0.194385
0.496166
0.458768
0.943092
0.329215
0.090635
0.937000
0.010190
0.901797
0.051108
0.912738
0.808467
0.879782
0.442406
0.342891
0.786530
0.326525
0.182863
0.326945
0.480879
0.619832
0.138080
0.575716
0.859653
0.170716
0.714673
0.380098
0.166383
0.642140
0.954024
0.079812
0.263739
0.667770
0.126030
0.032158
0.477283
0.070728
0.822855
0.080765
0.939218
0.582335
0.552676
0.524337
0.432135
0.060870
0.833439
0.585410
0.732769
0.210310
0.786604
0.379096
0.455744
0.799089
0.230896
0.381834
0.397323
0.378842
0.276055
0.400144
0.379163
0.503159
0.416590
0.039373
0.592058
0.446331
0.125523
0.672444
0.439697
0.422103
0.948141
0.908611
0.882406
0.302424
0.095748
0.562206
0.280902
0.836195
0.539414
0.121387
0.740044
0.368021
0.603724
0.716891
0.952581
0.056959
0.060527
0.590784
0.542903
0.595269
0.722692
0.065210
0.910790
0.427166
0.537848
0.011140
0.575163
0.467567
0.182144
0.817124
0.017833
0.320842
0.153993
0.858040
0.027253
0.999564
0.367824
0.463844
0.542266
0.143259
0.247830
0.388320
0.995854
0.737158
0.321722
0.777831
0.158891
0.330942
0.314476
0.640066
0.483894
0.757497
0.742082
0.812795
0.948766
0.351662
0.005297
0.432614
0.400553
0.668980
0.983395
0.903699
0.399193
0.704444
0.127912
0.366551
0.561261
0.611255
0.056403
0.666752
0.403727
0.919562
0.646187
0.823711
0.687699
0.255220
0.628099
0.999415
0.262174
0.558538
0.680240
0.967180
0.407794
0.803025
0.021726
0.080400
0.680588
0.214146
0.506438
0.741296
0.255728
0.988068
0.216774
0.369668
0.771274
0.510410
0.557397
0.871643
0.671930
0.074996
0.848987
0.608429
0.052787
0.102602
0.421986
0.865058
0.003079
0.859709
0.210356
0.819144
0.449930
0.677247
0.845321
0.009627
0.502105
0.669354
0.249124
0.305524
0.293759
0.952118
0.728770
0.374684
0.328188
0.362331
0.569782
0.652531
0.321579
0.676238
0.129949
0.810818
0.546758
0.328288
0.433074
0.726375
0.676944
0.629881
0.262726
0.949863
0.129494
0.488123
0.755991
0.674517
0.909658
0.624570
0.497219
0.204905
0.954326
0.293984
0.111775
0.925668
0.975777
0.503079
0.359793
0.770280
0.805434
0.729271
0.729919
0.189789
0.237606
0.139430
0.533067
0.621575
0.373246
0.308631
0.496165
0.458091
0.463698
0.438898
0.855908
0.515624
0.254444
0.077963
0.952505
0.003035
0.828859
0.338006
0.323432
0.990515
0.951957
0.614415
0.297181
0.378332
0.914143
0.804528
0.087008
0.365583
0.874964
0.026386
0.384686
0.418942
0.706856
0.837486
0.454252
0.741413
0.338895
0.953524
0.725760
0.241077
0.600550
0.467154
0.889031
0.999843
0.565430
0.566728
0.487398
0.242198
0.395033
0.755056
0.011463
0.803957
0.682498
0.568147
0.492841
0.101015
0.296357
0.793965
0.597914
0.598092
0.724280
0.191177
0.221581
0.777489
0.916828
0.707904
0.581003
0.607834
0.631204
0.200469
0.809360
0.512832
0.275000
0.652148
0.049595
0.840018
0.249951
0.891920
0.048170
0.829505
0.795679
0.813218
0.248809
0.082731
0.333450
0.092679
0.386254
0.531217
0.309918
0.408890
0.580012
0.905309
0.540880
0.161144
0.928104
0.702931
0.055023
0.688186
0.600820
0.658337
0.437673
0.986964
0.434463
0.710857
0.674548
0.931380
0.025101
0.473651
0.495507
0.991037
0.322321
0.202456
0.218298
0.449994
0.722972
0.264338
0.092311
0.125512
0.664922
0.106439
0.142327
0.586804
0.720801
0.724733
0.512266
0.873787
0.191757
0.632767
0.308941
0.715831
0.201204
0.330422
0.945802
0.250510
0.288569
0.272651
0.986693
0.242350
0.503048
0.338241
0.489598
0.801580
0.997351
0.798552
0.850389
0.602884
0.121452
0.786276
0.146583
0.604146
0.016343
0.264181
0.981084
0.265206
0.707781
0.493863
0.825938
0.266605
0.700039
0.004498
0.866081
0.728340
0.069654
0.061588
0.343091
0.928607
0.059180
0.635715
0.398936
0.522559
0.170937
0.871287
0.419724
0.261049
0.760759
0.055293
0.879453
0.209386
0.131748
0.086046
0.683765
0.466081
0.128018
0.441942
0.013688
0.381596
0.228453
0.650201
0.669394
0.277099
0.140450
0.255623
0.913944
0.663211
0.893671
0.289337
0.817041
0.958754
0.433795
0.237548
0.098777
0.709505
0.716267
0.510291
0.473385
0.306944
0.300047
0.410178
0.492990
0.207002
0.441360
0.601149
0.891357
0.648816
0.687448
0.077222
0.427640
0.873474
0.970316
0.631246
0.230135
0.842770
0.200489
0.823643
0.640030
0.457946
0.360754
0.451168
0.555150
0.278453
0.099914
0.515651
0.273715
0.740691
0.826539
0.692752
0.838082
0.876764
0.302713
0.300707
0.878500
0.533231
0.737789
0.769083
0.956859
0.089852
0.382131
0.607523
0.410439
0.678341
0.620871
0.874498
0.695662
0.901115
0.567657
0.146058
0.231838
0.050044
0.158403
0.984581
0.744920
0.825202
0.745036
0.907524
0.111251
0.553614
0.189251
0.856170
0.701313
0.908010
0.456259
0.164382
0.223482
0.125574
0.708534
0.027350
0.067771
0.726689
0.899568
0.470342
0.149586
0.733696
0.867617
0.817456
0.253474
0.389637
0.929455
0.660367
0.876869
0.377006
0.974119
0.327076
0.573850
0.536502
0.056663
0.850666
0.798884
0.085776
0.491906
0.438045
0.250580
0.338182
0.448183
0.438700
0.715437
0.921529
0.041095
0.813448
0.411594
0.496827
0.927258
0.103181
0.832581
0.977040
0.398055
0.897622
0.091070
0.245834
0.973381
0.804070
0.762623
0.376331
0.495401
0.916153
0.229440
0.349852
0.722293
0.782577
0.524115
0.274676
0.422001
0.875877
0.673382
0.104780
0.965986
0.561164
0.541864
0.858598
0.422973
0.564879
0.175826
0.337766
0.152703
0.943540
0.646924
0.345871
0.899683
0.552495
0.395952
0.407207
0.386936
0.014668
0.076599
0.985519
0.409750
0.189312
0.899190
0.202754
0.429427
0.140758
0.474444
0.057814
0.667038
0.607165
0.157219
0.145304
0.697168
0.969271
0.890264
0.874280
0.541667
0.719141
0.547969
0.187005
0.263402
0.428918
0.780114
0.777691
0.060004
0.219575
0.355620
0.811256
0.857620
0.729661
0.006298
0.142070
0.404665
0.584053
0.770601
0.032706
0.865565
0.362709
0.837371
0.372691
0.914517
0.069411
0.889591
0.397253
0.329229
0.100524
0.948137
0.906076
0.084678
0.713736
0.715522
0.982045
0.946855
0.996816
0.419652
0.209999
0.566515
0.336362
0.157572
0.395481
0.072933
0.386548
0.739219
0.783485
0.167646
0.537876
0.031171
0.777209
0.718207
0.885929
0.800395
0.156805
0.851937
0.700114
0.057999
0.798128
0.549669
0.392420
0.902982
0.891485
0.739505
0.986162
0.865985
0.660386
0.890561
0.084734
0.753037
0.580296
0.106719
0.340356
0.989310
0.097381
0.720375
0.422829
0.462864
0.847263
0.386194
0.488281
0.868402
0.373763
0.674853
0.147918
0.551017
0.347659
0.166798
0.936774
0.849941
0.285429
0.045988
0.282462
0.942301
0.768007
0.193649
0.973921
0.186858
0.159528
0.782022
0.130170
0.967770
0.826081
0.368113
0.669057
0.038332
0.854458
0.487446
0.276005
0.364731
0.270904
0.747808
0.872769
0.469793
0.759868
0.423003
0.586177
0.276736
0.882750
0.546601
0.216891
0.452919
0.796656
0.505686
0.208148
0.253591
0.473142
0.134609
0.114512
0.865642
0.416970
0.308736
0.570627
0.251351
0.884854
0.038199
0.759965
0.492140
0.604210
0.061646
0.383576
0.632320
0.991908
0.939989
0.128838
0.022844
0.873023
0.650157
0.638206
0.165053
0.699580
0.678845
0.977965
0.054432
0.269308
0.616262
0.606978
0.024355
0.944391
0.249885
0.845434
0.089835
0.370213
0.158204
0.843603
0.791280
0.694115
0.804476
0.050580
0.538233
0.284138
0.130474
0.183041
0.453132
0.947776
0.650236
0.693989
0.715055
0.650729
0.043815
0.741504
0.403468
0.735648
0.251030
0.657497
0.841980
0.640886
0.065218
0.916453
0.442091
0.119253
0.226978
0.604189
0.046939
0.956757
0.017926
0.386598
0.775056
0.191365
0.354445
0.978402
0.364111
0.831741
0.381432
0.111901
0.014667
0.076007
0.566049
0.005722
0.733926
0.030486
0.291476
0.333572
0.179480
0.928454
0.950657
0.692985
0.003063
0.848890
0.540052
0.574072
0.694299
0.935228
0.753387
0.828276
0.924453
0.114102
0.575402
0.637113
0.390179
0.314103
0.375605
0.980931
0.157274
0.184521
0.502018
0.607655
0.504425
0.314102
0.374929
0.501537
0.266958
0.949794
0.080642
0.851909
0.680590
0.215498
0.465226
0.521930
0.725182
0.830820
0.728266
0.017336
0.968481
0.329816
0.516613
0.955195
0.909877
0.779748
0.518132
0.032648
0.824151
0.999829
0.555457
0.495668
0.105223
0.279976
0.179733
0.107804
0.109905
0.599559
0.764375
0.618935
0.501649
0.346152
0.098811
0.734016
0.094298
0.534281
0.482235
0.581832
0.195835
0.524176
0.317358
0.683745
0.452135
0.240518
0.204154
0.422445
0.190711
0.891194
0.533616
0.010702
0.264470
0.186043
0.581500
0.960111
0.395457
0.055607
0.102077
0.049847
0.018608
0.869880
0.421888
0.795414
0.625501
0.157061
0.033484
0.417392
0.608104
0.822302
0.689187
0.310191
0.602524
0.866457
0.994829
0.010798
0.332762
0.604833
0.503513
0.667528
